#ID	Group	Solicit	Course	Entity	Day	Hour	Bld	Type Cap Room
1 1 1 1 1 1 1 1 1 45 263 
1 1 1 1 1 1 1 1 1 45 3 
1 1 1 1 1 1 1 1 1 45 3 
1 1 1 1 1 1 1 1 1 45 3 
1 1 1 1 1 1 1 1 1 45 3 
1 1 1 1 1 1 1 1 1 45 263 
1 1 1 1 1 1 1 1 1 45 263 
1 1 1 1 1 1 1 1 1 45 263 
1 1 1 1 1 1 1 1 1 45 3 
1 1 1 1 1 1 1 1 1 45 263 
1 1 1 1 1 1 1 1 1 45 263 
1 1 1 1 1 1 1 1 1 45 3 
1 1 1 1 1 1 1 1 1 45 263 
1 1 1 1 1 1 1 1 1 45 3 
1 1 1 1 1 1 1 1 1 45 3 
1 1 1 1 1 1 1 1 1 45 263 
1 1 1 1 1 1 1 1 1 45 263 
1 1 1 1 1 1 1 1 1 45 3 
1 1 1 1 1 1 1 1 1 45 3 
1 1 1 1 1 1 1 1 1 45 263 
1 1 1 1 1 1 1 1 1 45 3 
1 1 1 1 1 1 1 1 1 45 3 
1 1 1 1 1 1 1 1 1 45 3 
1 1 1 1 1 1 1 1 1 45 3 
1 1 1 1 1 1 1 1 1 45 3 
1 1 1 1 1 1 1 1 1 45 263 
1 1 1 1 1 1 1 1 1 45 263 
1 1 1 1 1 1 1 1 1 45 263 
1 1 1 1 1 1 1 1 1 45 263 
1 1 1 1 1 1 1 1 1 45 263 
1 1 1 1 1 1 1 1 1 45 263 
13 5 5 76 43 5 10 1 1 45 3 
14 5 5 76 43 5 11 1 1 45 3 
23 8 8 161 16 2 8 1 1 45 3 
24 8 8 161 16 2 9 1 1 45 3 
25 8 8 161 16 5 4 1 1 45 3 
26 8 8 161 16 5 5 1 1 45 3 
31 10 10 142 14 6 15 17 1 45 263 
32 10 10 142 14 6 16 17 1 45 263 
33 10 10 142 14 6 17 17 1 45 263 
34 10 10 142 14 6 17 17 1 45 253 
75 12 21 156 32 5 8 1 1 45 3 
76 12 21 156 32 5 9 1 1 45 3 
77 12 21 156 32 5 10 1 1 45 2 
78 12 21 156 32 5 11 1 1 45 2 
85 22 24 5 27 4 2 1 1 45 3 
86 22 24 5 27 4 3 1 1 45 3 
87 22 24 5 27 4 4 1 1 45 3 
88 22 24 5 27 4 5 1 1 45 3 
104 27 29 157 32 3 2 1 1 45 3 
105 27 29 157 32 3 3 1 1 45 3 
106 27 29 157 32 4 8 1 1 45 3 
107 27 29 157 32 4 9 1 1 45 3 
114 29 31 157 32 2 8 1 1 45 2 
115 29 31 157 32 2 9 1 1 45 2 
116 29 31 157 32 2 10 1 1 45 3 
117 30 32 155 34 2 10 1 1 45 2 
118 30 32 155 34 2 11 1 1 45 3 
119 30 32 155 34 4 10 1 1 45 3 
120 30 32 155 34 4 11 1 1 45 3 
137 35 37 93 32 6 8 1 1 45 3 
138 35 37 93 32 6 9 1 1 45 3 
139 35 37 93 32 6 10 1 1 45 3 
140 35 37 93 32 6 11 1 1 45 3 
214 49 53 166 8 3 8 1 1 45 3 
215 49 53 166 8 3 9 1 1 45 3 
216 49 53 166 8 3 10 1 1 45 3 
217 49 53 166 8 3 11 1 1 45 3 
242 55 61 142 14 5 15 17 1 45 263 
243 55 61 142 14 5 16 17 1 45 263 
244 55 61 142 14 5 17 17 1 45 263 
245 55 61 142 14 5 17 17 1 45 253 
246 56 62 155 34 3 4 1 1 45 3 
247 56 62 155 34 3 5 1 1 45 3 
248 56 62 155 34 5 4 1 1 45 2 
249 56 62 155 34 5 5 1 1 45 2 
258 59 65 133 34 2 8 1 1 45 2 
259 59 65 133 34 2 9 1 1 45 2 
260 59 65 133 34 4 8 1 1 45 2 
261 59 65 133 34 4 9 1 1 45 2 
266 61 67 180 31 2 10 17 1 45 263 
267 61 67 180 31 2 11 17 1 45 263 
268 61 67 180 31 2 12 17 1 45 263 
269 61 67 180 31 6 4 17 1 45 263 
270 61 67 180 31 6 5 17 1 45 263 
271 61 67 180 31 6 6 17 1 45 263 
294 68 75 88 31 2 2 17 1 45 263 
295 68 75 88 31 2 3 17 1 45 263 
296 68 75 88 31 2 4 17 1 45 263 
297 68 75 88 31 2 5 17 1 45 263 
298 68 75 88 31 2 8 17 1 45 263 
299 68 75 88 31 2 9 17 1 45 263 
300 68 75 88 31 2 10 17 1 45 253 
301 68 75 88 31 2 1 17 1 45 263 
302 68 75 88 31 3 2 17 1 45 263 
303 68 75 88 31 3 3 17 1 45 263 
304 68 75 88 31 3 4 17 1 45 263 
305 68 75 88 31 3 5 17 1 45 263 
306 68 75 88 31 3 1 17 1 45 263 
307 68 75 88 31 4 2 17 1 45 263 
308 68 75 88 31 4 3 17 1 45 263 
309 68 75 88 31 4 4 17 1 45 263 
310 68 75 88 31 4 5 17 1 45 263 
311 68 75 88 31 4 1 17 1 45 263 
316 70 77 158 32 2 8 1 1 45 2 
317 70 77 158 32 2 9 1 1 45 2 
318 70 77 158 32 2 10 1 1 45 2 
319 70 77 158 32 2 11 1 1 45 2 
324 72 79 180 31 2 7 17 1 45 263 
325 72 79 180 31 2 7 17 1 45 253 
326 72 79 180 31 2 9 17 1 45 253 
327 72 79 180 31 6 1 17 1 45 263 
328 72 79 180 31 6 2 17 1 45 263 
329 72 79 180 31 6 3 17 1 45 263 
354 28 85 88 31 4 2 17 1 45 253 
355 28 85 88 31 4 3 17 1 45 253 
356 28 85 88 31 4 4 17 1 45 253 
357 28 85 88 31 4 5 17 1 45 253 
358 28 85 88 31 4 1 17 1 45 253 
359 28 85 88 31 6 8 17 1 45 263 
360 28 85 88 31 6 9 17 1 45 263 
361 28 85 88 31 6 10 17 1 45 263 
362 28 85 88 31 6 11 17 1 45 263 
367 79 87 155 34 2 16 1 1 45 3 
368 79 87 155 34 2 17 1 1 45 3 
369 79 87 155 34 4 16 1 1 45 3 
370 79 87 155 34 4 17 1 1 45 3 
401 86 95 119 41 2 2 17 1 45 253 
402 86 95 119 41 2 3 17 1 45 253 
403 86 95 119 41 2 4 17 1 45 253 
404 86 95 119 41 2 5 17 1 45 253 
420 55 99 142 14 4 12 17 1 45 263 
421 55 99 142 14 4 13 17 1 45 263 
422 55 99 142 14 4 15 17 1 45 263 
423 55 99 142 14 4 16 17 1 45 263 
424 55 99 142 14 4 17 17 1 45 263 
425 55 99 142 14 4 17 17 1 45 253 
438 90 103 156 32 3 2 1 1 45 2 
439 90 103 156 32 3 3 1 1 45 2 
440 90 103 156 32 3 4 1 1 45 2 
441 90 103 156 32 3 5 1 1 45 2 
453 94 108 154 34 2 8 1 1 45 2 
454 94 108 154 34 2 9 1 1 45 2 
455 94 108 154 34 4 8 1 1 45 2 
456 94 108 154 34 4 9 1 1 45 2 
473 99 113 155 34 2 14 1 1 45 3 
474 99 113 155 34 2 15 1 1 45 3 
475 99 113 155 34 4 14 1 1 45 3 
476 99 113 155 34 4 15 1 1 45 3 
481 30 115 155 34 2 14 1 1 45 2 
482 30 115 155 34 2 15 1 1 45 2 
483 30 115 155 34 4 14 1 1 45 2 
484 30 115 155 34 4 15 1 1 45 2 
485 26 116 156 32 5 8 1 1 45 2 
486 26 116 156 32 5 9 1 1 45 2 
542 114 132 68 24 6 3 17 1 45 253 
543 114 132 68 24 6 4 17 1 45 253 
544 114 132 68 24 6 7 17 1 45 263 
545 114 132 68 24 6 7 17 1 45 253 
577 120 138 87 43 2 2 1 1 45 3 
578 120 138 87 43 2 3 1 1 45 3 
579 120 138 87 43 4 2 1 1 45 2 
580 120 138 87 43 4 3 1 1 45 2 
591 123 142 154 34 2 4 1 1 45 3 
592 123 142 154 34 2 5 1 1 45 3 
593 123 142 154 34 4 4 1 1 45 2 
594 123 142 154 34 4 5 1 1 45 2 
619 28 149 88 31 4 2 17 1 45 253 
620 28 149 88 31 4 3 17 1 45 253 
621 28 149 88 31 4 4 17 1 45 253 
622 28 149 88 31 4 5 17 1 45 253 
623 28 149 88 31 6 8 17 1 45 253 
624 28 149 88 31 6 9 17 1 45 253 
625 28 149 88 31 6 10 17 1 45 253 
626 28 149 88 31 6 11 17 1 45 253 
635 130 152 7 30 4 2 1 1 45 2 
636 130 152 7 30 4 3 1 1 45 2 
637 130 152 7 30 5 2 1 1 45 3 
638 130 152 7 30 5 3 1 1 45 3 
639 130 152 7 30 5 4 1 1 45 2 
644 132 154 157 32 6 2 1 1 45 3 
645 132 154 157 32 6 3 1 1 45 3 
650 134 156 137 18 2 4 1 1 45 2 
651 134 156 137 18 2 5 1 1 45 2 
652 134 156 137 18 5 4 1 1 45 2 
653 134 156 137 18 5 5 1 1 45 2 
670 136 158 158 32 2 8 1 1 45 2 
671 136 158 158 32 2 9 1 1 45 2 
672 136 158 158 32 2 10 1 1 45 2 
697 140 165 157 32 3 4 1 1 45 2 
698 140 165 157 32 3 5 1 1 45 2 
699 140 165 157 32 5 4 1 1 45 2 
700 140 165 157 32 5 5 1 1 45 2 
706 123 167 154 34 2 2 1 1 45 2 
707 123 167 154 34 2 3 1 1 45 2 
708 123 167 154 34 4 2 1 1 45 2 
709 123 167 154 34 4 3 1 1 45 2 
716 141 170 161 16 4 4 1 1 45 2 
717 141 170 161 16 4 5 1 1 45 2 
736 141 176 161 16 2 4 1 1 45 2 
737 141 176 161 16 2 5 1 1 45 2 
738 141 176 161 16 6 8 1 1 45 2 
739 141 176 161 16 6 10 1 1 45 2 
744 145 178 133 34 3 4 1 1 45 2 
745 145 178 133 34 3 5 1 1 45 2 
746 145 178 133 34 5 4 1 1 45 2 
747 145 178 133 34 5 5 1 1 45 2 
774 141 186 161 16 2 2 1 1 45 2 
775 141 186 161 16 2 3 1 1 45 2 
776 141 186 161 16 6 4 1 1 45 3 
777 141 186 161 16 6 5 1 1 45 3 
778 141 186 161 16 6 6 1 1 45 3 
795 153 191 87 43 2 2 1 1 45 2 
796 153 191 87 43 2 3 1 1 45 2 
797 153 191 87 43 4 2 1 1 45 2 
798 153 191 87 43 4 3 1 1 45 2 
805 154 194 76 43 3 8 1 1 45 2 
806 154 194 76 43 3 9 1 1 45 2 
807 154 194 76 43 5 8 1 1 45 2 
808 154 194 76 43 5 9 1 1 45 2 
813 136 196 158 32 3 16 1 1 45 3 
814 136 196 158 32 3 17 1 1 45 3 
819 157 198 154 34 3 2 1 1 45 2 
820 157 198 154 34 3 3 1 1 45 2 
821 157 198 154 34 5 2 1 1 45 2 
822 157 198 154 34 5 3 1 1 45 2 
827 137 200 88 31 5 7 17 1 45 263 
828 137 200 88 31 5 7 17 1 45 253 
829 137 200 88 31 5 9 17 1 45 263 
832 26 202 156 32 3 4 1 1 45 2 
833 26 202 156 32 3 5 1 1 45 2 
842 161 205 87 43 2 2 1 1 45 2 
843 161 205 87 43 2 3 1 1 45 2 
844 161 205 87 43 4 2 1 1 45 2 
845 161 205 87 43 4 3 1 1 45 2 
846 161 205 87 43 6 2 1 1 45 2 
847 161 205 87 43 6 3 1 1 45 2 
852 153 207 87 43 3 2 1 1 45 2 
853 153 207 87 43 3 3 1 1 45 2 
854 153 207 87 43 5 2 1 1 45 2 
855 153 207 87 43 5 3 1 1 45 2 
856 10 208 142 14 4 15 17 1 45 253 
857 10 208 142 14 4 16 17 1 45 253 
858 10 208 142 14 4 17 17 1 45 253 
859 10 208 142 14 4 17 17 1 45 253 
893 165 217 158 32 2 14 1 1 45 2 
894 165 217 158 32 2 15 1 1 45 2 
895 165 217 158 32 2 16 1 1 45 2 
896 165 217 158 32 2 17 1 1 45 2 
901 167 220 142 14 3 15 17 1 45 263 
902 167 220 142 14 3 16 17 1 45 263 
903 167 220 142 14 3 17 17 1 45 263 
904 167 220 142 14 3 17 17 1 45 253 
905 132 221 157 32 3 8 1 1 45 2 
906 132 221 157 32 3 9 1 1 45 2 
907 132 221 157 32 3 10 1 1 45 2 
908 132 221 157 32 3 11 1 1 45 2 
913 168 223 158 32 3 2 1 1 45 2 
914 168 223 158 32 3 3 1 1 45 2 
915 168 223 158 32 3 4 1 1 45 2 
916 168 223 158 32 3 5 1 1 45 2 
944 136 230 158 32 5 2 1 1 45 2 
945 136 230 158 32 5 3 1 1 45 2 
984 175 240 164 17 6 2 1 1 45 2 
985 175 240 164 17 6 3 1 1 45 2 
986 175 240 164 17 6 4 1 1 45 2 
987 175 240 164 17 6 5 1 1 45 2 
992 177 242 87 43 4 10 1 1 45 2 
993 177 242 87 43 4 11 1 1 45 2 
994 177 242 87 43 6 10 1 1 45 2 
995 177 242 87 43 6 11 1 1 45 2 
1051 187 258 93 32 5 9 1 1 45 2 
1056 188 260 142 14 3 15 17 1 45 253 
1057 188 260 142 14 3 16 17 1 45 253 
1058 188 260 142 14 3 17 17 1 45 253 
1059 188 260 142 14 3 17 17 1 45 253 
1066 30 263 155 34 5 10 1 1 45 2 
1067 30 263 155 34 5 11 1 1 45 2 
1082 82 268 93 32 4 2 1 1 45 2 
1083 82 268 93 32 4 3 1 1 45 2 
1084 28 269 88 31 4 2 17 1 45 253 
1085 28 269 88 31 4 3 17 1 45 253 
1086 28 269 88 31 4 4 17 1 45 253 
1087 28 269 88 31 4 5 17 1 45 253 
1088 28 269 88 31 4 1 17 1 45 253 
1089 28 269 88 31 6 8 17 1 45 253 
1090 28 269 88 31 6 9 17 1 45 253 
1091 28 269 88 31 6 10 17 1 45 253 
1092 28 269 88 31 6 11 17 1 45 253 
1114 84 276 156 32 2 10 1 1 45 2 
1115 84 276 156 32 2 11 1 1 45 2 
1116 84 276 156 32 5 10 1 1 45 2 
1117 84 276 156 32 5 11 1 1 45 2 
1141 201 283 130 34 3 4 1 1 45 2 
1142 201 283 130 34 3 5 1 1 45 2 
1143 201 283 130 34 5 4 1 1 45 2 
1144 201 283 130 34 5 5 1 1 45 2 
1183 208 295 91 43 3 14 1 1 45 3 
1184 208 295 91 43 3 15 1 1 45 3 
1185 208 295 91 43 5 14 1 1 45 3 
1186 208 295 91 43 5 15 1 1 45 3 
1201 209 298 73 8 6 2 1 1 45 2 
1202 209 298 73 8 6 3 1 1 45 2 
1225 118 304 167 29 2 2 1 1 45 2 
1226 118 304 167 29 2 3 1 1 45 2 
1227 118 304 167 29 3 4 1 1 45 2 
1228 118 304 167 29 3 5 1 1 45 2 
1229 118 304 167 29 4 4 1 1 45 2 
1230 118 304 167 29 4 5 1 1 45 2 
1231 118 304 167 29 5 2 1 1 45 2 
1232 118 304 167 29 5 3 1 1 45 2 
1233 118 304 167 29 5 4 1 1 45 2 
1234 118 304 167 29 5 5 1 1 45 2 
1235 118 304 167 29 5 1 1 1 45 3 
1238 187 306 93 32 5 8 1 1 45 2 
1243 153 308 87 43 4 10 1 1 45 2 
1244 153 308 87 43 4 11 1 1 45 2 
1245 213 309 91 43 5 16 1 1 45 3 
1246 213 309 91 43 5 17 1 1 45 3 
1292 67 322 91 43 3 14 1 1 45 2 
1293 67 322 91 43 3 15 1 1 45 2 
1294 67 322 91 43 5 14 1 1 45 2 
1295 67 322 91 43 5 15 1 1 45 2 
1308 222 326 146 15 4 2 1 1 45 2 
1309 222 326 146 15 4 3 1 1 45 2 
1310 222 326 146 15 4 4 1 1 45 2 
1311 222 326 146 15 4 5 1 1 45 2 
1332 225 332 158 32 5 4 1 1 45 2 
1333 225 332 158 32 5 5 1 1 45 2 
1334 226 333 133 34 2 8 1 1 45 2 
1335 226 333 133 34 2 9 1 1 45 2 
1336 226 333 133 34 4 8 1 1 45 2 
1337 226 333 133 34 4 9 1 1 45 2 
1348 229 337 83 17 3 13 1 1 45 3 
1349 229 337 83 17 3 14 1 1 45 2 
1350 229 337 83 17 5 13 1 1 45 3 
1351 229 337 83 17 5 14 1 1 45 2 
1440 79 362 155 34 2 10 1 1 45 2 
1441 79 362 155 34 2 11 1 1 45 2 
1442 79 362 155 34 4 10 1 1 45 2 
1443 79 362 155 34 4 11 1 1 45 2 
1476 68 367 88 31 3 7 17 1 45 263 
1477 68 367 88 31 3 9 17 1 45 263 
1478 68 367 88 31 3 10 17 1 45 263 
1479 68 367 88 31 3 11 17 1 45 263 
1480 177 368 87 43 2 8 1 1 45 2 
1481 177 368 87 43 2 9 1 1 45 2 
1482 177 368 87 43 4 8 1 1 45 2 
1483 177 368 87 43 4 9 1 1 45 2 
1498 247 372 157 32 5 8 1 1 45 2 
1499 247 372 157 32 5 9 1 1 45 2 
1500 247 372 157 32 5 10 1 1 45 2 
1501 247 372 157 32 5 11 1 1 45 2 
1502 225 373 158 32 4 14 1 1 45 2 
1503 225 373 158 32 4 15 1 1 45 2 
1504 225 373 158 32 4 16 1 1 45 2 
1505 225 373 158 32 4 17 1 1 45 2 
1564 153 379 87 43 3 2 1 1 45 2 
1565 153 379 87 43 3 3 1 1 45 2 
1566 153 379 87 43 5 2 1 1 45 2 
1567 153 379 87 43 5 3 1 1 45 2 
1597 94 387 154 34 3 2 1 1 45 2 
1598 94 387 154 34 3 3 1 1 45 2 
1599 94 387 154 34 5 2 1 1 45 2 
1600 94 387 154 34 5 3 1 1 45 2 
1605 154 389 76 43 3 10 1 1 45 2 
1606 154 389 76 43 3 11 1 1 45 2 
1607 154 389 76 43 5 10 1 1 45 2 
1608 154 389 76 43 5 11 1 1 45 2 
1632 252 392 5 27 4 2 1 1 45 2 
1633 252 392 5 27 4 3 1 1 45 2 
1634 252 392 5 27 4 4 1 1 45 2 
1635 252 392 5 27 4 5 1 1 45 2 
1660 5 400 76 43 3 8 1 1 45 2 
1661 5 400 76 43 3 9 1 1 45 2 
1662 5 400 76 43 5 8 1 1 45 2 
1663 5 400 76 43 5 9 1 1 45 2 
1678 186 405 157 32 4 4 1 1 45 2 
1679 186 405 157 32 4 5 1 1 45 2 
1680 254 406 105 18 2 14 1 1 45 2 
1681 254 406 105 18 2 15 1 1 45 2 
1682 254 406 105 18 2 16 1 1 45 2 
1683 254 406 105 18 2 17 1 1 45 2 
1700 137 411 88 31 3 10 17 1 45 253 
1731 177 414 87 43 2 2 1 1 45 2 
1732 177 414 87 43 2 3 1 1 45 2 
1733 177 414 87 43 4 2 1 1 45 2 
1734 177 414 87 43 4 3 1 1 45 2 
1735 177 414 87 43 6 2 1 1 45 2 
1736 177 414 87 43 6 3 1 1 45 2 
1737 256 415 87 43 3 8 1 1 45 2 
1738 256 415 87 43 3 9 1 1 45 2 
1739 256 415 87 43 5 8 1 1 45 2 
1740 256 415 87 43 5 9 1 1 45 2 
1747 136 418 158 32 2 14 1 1 45 2 
1748 136 418 158 32 2 15 1 1 45 2 
1749 136 418 158 32 2 16 1 1 45 2 
1811 213 425 91 43 3 14 1 1 45 2 
1812 213 425 91 43 3 15 1 1 45 2 
1813 213 425 91 43 5 14 1 1 45 2 
1814 213 425 91 43 5 15 1 1 45 2 
1815 208 426 91 43 4 2 1 1 45 2 
1816 208 426 91 43 4 3 1 1 45 2 
1817 208 426 91 43 6 2 1 1 45 2 
1818 208 426 91 43 6 3 1 1 45 2 
1833 261 431 36 36 2 11 17 1 45 253 
1834 261 431 36 36 2 12 17 1 45 253 
1835 261 431 36 36 2 13 17 1 45 263 
1836 261 431 36 36 3 12 17 1 45 263 
1837 261 431 36 36 3 13 17 1 45 263 
1862 265 438 142 14 6 15 17 1 45 253 
1863 265 438 142 14 6 16 17 1 45 253 
1864 265 438 142 14 6 17 17 1 45 253 
1865 265 438 142 14 6 17 17 1 45 253 
1874 82 441 93 32 3 10 1 1 45 2 
1899 5 448 76 43 3 2 1 1 45 2 
1900 5 448 76 43 3 3 1 1 45 2 
1901 5 448 76 43 5 2 1 1 45 2 
1902 5 448 76 43 5 3 1 1 45 2 
1903 26 449 156 32 3 2 1 1 45 2 
1904 26 449 156 32 3 3 1 1 45 2 
1913 94 453 154 34 2 4 1 1 45 2 
1914 94 453 154 34 2 5 1 1 45 2 
1915 94 453 154 34 4 4 1 1 45 2 
1916 94 453 154 34 4 5 1 1 45 2 
1921 270 455 91 43 3 14 1 1 45 2 
1922 270 455 91 43 3 15 1 1 45 2 
1923 270 455 91 43 5 14 1 1 45 2 
1924 270 455 91 43 5 15 1 1 45 2 
1938 272 459 120 41 5 15 17 1 45 253 
1939 272 459 120 41 5 16 17 1 45 253 
1940 272 459 120 41 5 17 17 1 45 253 
1941 272 459 120 41 5 17 17 1 45 253 
1957 145 464 133 34 3 8 1 1 45 2 
1958 145 464 133 34 3 9 1 1 45 2 
1959 254 465 105 18 6 14 1 1 45 3 
1960 254 465 105 18 6 15 1 1 45 3 
1961 254 465 105 18 6 16 1 1 45 3 
1962 254 465 105 18 6 17 1 1 45 3 
1969 241 468 80 12 4 3 1 1 45 2 
1970 241 468 80 12 4 4 1 1 45 2 
1971 241 468 80 12 4 5 1 1 45 2 
2009 117 477 93 32 2 8 1 1 45 2 
2010 117 477 93 32 2 9 1 1 45 2 
2011 117 477 93 32 2 10 1 1 45 2 
2012 117 477 93 32 2 11 1 1 45 2 
2013 89 478 30 31 3 3 17 1 45 253 
2014 89 478 30 31 3 4 17 1 45 253 
2015 89 478 30 31 3 5 17 1 45 253 
2016 89 478 30 31 3 6 17 1 45 263 
2023 225 481 158 32 6 4 1 1 45 2 
2024 225 481 158 32 6 5 1 1 45 2 
2066 281 494 91 43 3 16 1 1 45 2 
2067 281 494 91 43 3 17 1 1 45 2 
2068 281 494 91 43 5 16 1 1 45 2 
2069 281 494 91 43 5 17 1 1 45 2 
2088 283 500 158 32 2 8 1 1 45 2 
2089 283 500 158 32 2 9 1 1 45 2 
2090 283 500 158 32 2 10 1 1 45 2 
2091 283 500 158 32 2 11 1 1 45 2 
2153 218 516 92 39 3 5 17 1 45 253 
2154 218 516 92 39 3 6 17 1 45 253 
2155 218 516 92 39 5 5 17 1 45 263 
2156 218 516 92 39 5 6 17 1 45 263 
2157 181 517 103 42 2 2 1 1 45 2 
2158 181 517 103 42 2 3 1 1 45 2 
2165 161 520 87 43 3 2 1 1 45 2 
2166 161 520 87 43 3 3 1 1 45 2 
2167 161 520 87 43 5 2 1 1 45 2 
2168 161 520 87 43 5 3 1 1 45 2 
2169 167 521 142 14 5 15 17 1 45 253 
2170 167 521 142 14 5 16 17 1 45 253 
2171 167 521 142 14 5 17 17 1 45 253 
2172 167 521 142 14 5 17 17 1 45 253 
2230 294 533 50 31 3 2 17 1 45 253 
2231 294 533 50 31 3 3 17 1 45 253 
2232 294 533 50 31 3 4 17 1 45 253 
2233 294 533 50 31 3 5 17 1 45 253 
2234 295 534 88 31 6 7 17 1 45 253 
2235 295 534 88 31 6 9 17 1 45 253 
2244 70 537 158 32 2 4 1 1 45 2 
2245 70 537 158 32 2 5 1 1 45 2 
2299 187 552 93 32 4 2 1 1 45 2 
2300 187 552 93 32 4 3 1 1 45 2 
2301 187 552 93 32 4 4 1 1 45 2 
2302 187 552 93 32 4 5 1 1 45 2 
2303 299 553 154 34 2 10 1 1 45 2 
2304 299 553 154 34 2 11 1 1 45 2 
2305 299 553 154 34 4 10 1 1 45 2 
2306 299 553 154 34 4 11 1 1 45 2 
2311 300 555 130 34 3 4 1 1 45 2 
2312 300 555 130 34 3 5 1 1 45 2 
2313 300 555 130 34 5 4 1 1 45 2 
2314 300 555 130 34 5 5 1 1 45 2 
2315 201 556 130 34 4 8 1 1 45 2 
2316 201 556 130 34 4 9 1 1 45 2 
2317 201 556 130 34 6 8 1 1 45 2 
2318 201 556 130 34 6 9 1 1 45 2 
2319 187 557 93 32 4 8 1 1 45 2 
2320 187 557 93 32 4 9 1 1 45 2 
2321 187 557 93 32 4 10 1 1 45 2 
2322 301 558 157 32 2 8 1 1 45 2 
2323 301 558 157 32 2 9 1 1 45 2 
2324 301 558 157 32 2 10 1 1 45 2 
2325 301 558 157 32 2 11 1 1 45 2 
2331 79 561 155 34 5 16 1 1 45 2 
2332 79 561 155 34 5 17 1 1 45 2 
2355 79 567 155 34 3 14 1 1 45 2 
2356 79 567 155 34 3 15 1 1 45 2 
2357 79 567 155 34 5 14 1 1 45 2 
2358 79 567 155 34 5 15 1 1 45 2 
2371 306 571 76 43 2 8 1 1 45 2 
2372 306 571 76 43 2 9 1 1 45 2 
2373 306 571 76 43 4 8 1 1 45 2 
2374 306 571 76 43 4 9 1 1 45 2 
2375 79 572 155 34 5 10 1 1 45 2 
2376 79 572 155 34 5 11 1 1 45 2 
2377 51 573 110 27 6 2 1 1 45 2 
2378 51 573 110 27 6 3 1 1 45 2 
2379 51 573 110 27 6 4 1 1 45 2 
2380 51 573 110 27 6 5 1 1 45 2 
2387 28 575 88 31 4 2 17 1 45 253 
2388 28 575 88 31 4 2 17 1 45 253 
2389 28 575 88 31 4 3 17 1 45 253 
2390 28 575 88 31 4 3 17 1 45 253 
2391 28 575 88 31 4 4 17 1 45 253 
2392 28 575 88 31 4 4 17 1 45 253 
2393 28 575 88 31 4 5 17 1 45 253 
2394 28 575 88 31 4 5 17 1 45 253 
2395 28 575 88 31 4 1 17 1 45 253 
2396 28 575 88 31 4 1 17 1 45 253 
2397 28 575 88 31 6 8 17 1 45 253 
2398 28 575 88 31 6 8 17 1 45 253 
2399 28 575 88 31 6 9 17 1 45 253 
2400 28 575 88 31 6 9 17 1 45 253 
2401 28 575 88 31 6 10 17 1 45 253 
2402 28 575 88 31 6 10 17 1 45 253 
2403 28 575 88 31 6 11 17 1 45 253 
2404 28 575 88 31 6 11 17 1 45 253 
2454 144 586 152 15 3 14 1 1 45 2 
2455 144 586 152 15 3 15 1 1 45 2 
2456 144 586 152 15 3 16 1 1 45 2 
2457 144 586 152 15 3 17 1 1 45 2 
2511 113 601 177 12 6 10 1 1 45 2 
2512 113 601 177 12 6 11 1 1 45 2 
2517 153 603 87 43 3 8 1 1 45 2 
2518 153 603 87 43 3 9 1 1 45 2 
2519 153 603 87 43 5 8 1 1 45 2 
2520 153 603 87 43 5 9 1 1 45 2 
2529 12 606 156 32 3 2 1 1 45 2 
2530 12 606 156 32 3 3 1 1 45 2 
2531 12 606 156 32 3 4 1 1 45 2 
2532 12 606 156 32 3 5 1 1 45 2 
2555 28 613 88 31 4 2 17 1 45 253 
2556 28 613 88 31 4 2 17 1 45 253 
2557 28 613 88 31 4 2 17 1 45 253 
2558 28 613 88 31 4 3 17 1 45 253 
2559 28 613 88 31 4 3 17 1 45 253 
2560 28 613 88 31 4 3 17 1 45 253 
2561 28 613 88 31 4 4 17 1 45 253 
2562 28 613 88 31 4 4 17 1 45 253 
2563 28 613 88 31 4 4 17 1 45 253 
2564 28 613 88 31 4 5 17 1 45 253 
2565 28 613 88 31 4 5 17 1 45 253 
2566 28 613 88 31 4 5 17 1 45 253 
2567 28 613 88 31 4 1 17 1 45 253 
2568 28 613 88 31 4 1 17 1 45 253 
2569 28 613 88 31 6 8 17 1 45 253 
2570 28 613 88 31 6 8 17 1 45 253 
2571 28 613 88 31 6 8 17 1 45 253 
2572 28 613 88 31 6 8 17 1 45 253 
2573 28 613 88 31 6 9 17 1 45 253 
2574 28 613 88 31 6 9 17 1 45 253 
2575 28 613 88 31 6 9 17 1 45 253 
2576 28 613 88 31 6 9 17 1 45 253 
2577 28 613 88 31 6 10 17 1 45 253 
2578 28 613 88 31 6 10 17 1 45 253 
2579 28 613 88 31 6 10 17 1 45 253 
2580 28 613 88 31 6 10 17 1 45 253 
2581 28 613 88 31 6 11 17 1 45 253 
2582 28 613 88 31 6 11 17 1 45 253 
2583 28 613 88 31 6 11 17 1 45 253 
2584 28 613 88 31 6 11 17 1 45 253 
2585 28 613 88 31 6 7 17 1 45 253 
2590 117 615 93 32 3 8 1 1 45 2 
2591 117 615 93 32 3 9 1 1 45 2 
2592 117 615 93 32 3 10 1 1 45 2 
2593 117 615 93 32 3 11 1 1 45 2 
2594 30 616 155 34 2 16 1 1 45 2 
2595 30 616 155 34 2 17 1 1 45 2 
2596 30 616 155 34 4 16 1 1 45 2 
2597 30 616 155 34 4 17 1 1 45 2 
2639 322 627 145 41 3 15 17 1 45 253 
2640 322 627 145 41 3 16 17 1 45 253 
2641 322 627 145 41 3 17 17 1 45 253 
2642 322 627 145 41 3 17 17 1 45 253 
2643 322 627 145 41 5 15 17 1 45 253 
2644 322 627 145 41 5 16 17 1 45 253 
2645 322 627 145 41 5 17 17 1 45 253 
2646 322 627 145 41 5 17 17 1 45 253 
2739 330 646 76 43 5 10 1 1 45 2 
2740 330 646 76 43 5 11 1 1 45 2 
2748 299 649 154 34 4 4 1 1 45 2 
2749 299 649 154 34 4 5 1 1 45 2 
2750 299 649 154 34 6 4 1 1 45 2 
2751 299 649 154 34 6 5 1 1 45 2 
2752 27 650 157 32 2 8 1 1 45 2 
2753 27 650 157 32 2 9 1 1 45 2 
2754 90 651 156 32 3 8 1 1 45 2 
2755 90 651 156 32 3 9 1 1 45 2 
2756 214 652 37 36 2 13 17 1 45 253 
2757 214 652 37 36 2 15 17 1 45 263 
2758 214 652 37 36 2 16 17 1 45 263 
2759 214 652 37 36 3 17 17 1 45 253 
2760 214 652 37 36 3 17 17 1 45 253 
2803 333 664 133 34 3 8 1 1 45 2 
2804 333 664 133 34 3 9 1 1 45 2 
2805 134 665 137 18 2 2 1 1 45 2 
2806 134 665 137 18 2 3 1 1 45 2 
2807 134 665 137 18 5 2 1 1 45 2 
2808 134 665 137 18 5 3 1 1 45 2 
2821 283 669 158 32 2 14 1 1 45 2 
2822 283 669 158 32 2 15 1 1 45 2 
2823 283 669 158 32 2 16 1 1 45 2 
2824 283 669 158 32 2 17 1 1 45 2 
2853 339 676 86 41 4 2 17 1 45 253 
2854 339 676 86 41 4 3 17 1 45 253 
2855 339 676 86 41 4 4 17 1 45 253 
2856 339 676 86 41 4 5 17 1 45 253 
2910 343 690 119 41 3 2 17 1 45 253 
2911 343 690 119 41 3 3 17 1 45 253 
2912 343 690 119 41 3 4 17 1 45 253 
2913 343 690 119 41 3 5 17 1 45 253 
2933 300 697 130 34 3 2 1 1 45 2 
2934 300 697 130 34 3 3 1 1 45 2 
2935 300 697 130 34 5 2 1 1 45 2 
2936 300 697 130 34 5 3 1 1 45 2 
2955 144 702 152 15 6 2 1 1 45 2 
2956 144 702 152 15 6 3 1 1 45 2 
2957 144 702 152 15 6 4 1 1 45 2 
2958 144 702 152 15 6 5 1 1 45 2 
2959 168 703 158 32 3 14 1 1 45 2 
2960 168 703 158 32 3 15 1 1 45 2 
2961 168 703 158 32 3 16 1 1 45 2 
3001 55 713 142 14 6 15 17 1 45 253 
3002 55 713 142 14 6 16 17 1 45 253 
3003 55 713 142 14 6 17 17 1 45 253 
3004 55 713 142 14 6 17 17 1 45 253 
3013 137 716 88 31 2 8 17 1 45 253 
3014 137 716 88 31 2 9 17 1 45 253 
3015 137 716 88 31 2 10 17 1 45 253 
3016 137 716 88 31 2 11 17 1 45 253 
3017 137 716 88 31 5 2 17 1 45 263 
3018 137 716 88 31 5 3 17 1 45 263 
3019 137 716 88 31 5 4 17 1 45 263 
3020 137 716 88 31 5 5 17 1 45 253 
3021 68 717 88 31 2 2 17 1 45 253 
3022 68 717 88 31 2 3 17 1 45 253 
3023 68 717 88 31 2 4 17 1 45 253 
3024 68 717 88 31 2 5 17 1 45 253 
3025 68 717 88 31 2 8 17 1 45 253 
3026 68 717 88 31 2 9 17 1 45 253 
3027 68 717 88 31 2 10 17 1 45 253 
3028 68 717 88 31 2 1 17 1 45 253 
3029 68 717 88 31 3 2 17 1 45 253 
3030 68 717 88 31 3 3 17 1 45 253 
3031 68 717 88 31 3 4 17 1 45 253 
3032 68 717 88 31 3 5 17 1 45 253 
3033 68 717 88 31 3 1 17 1 45 253 
3034 68 717 88 31 4 2 17 1 45 253 
3035 68 717 88 31 4 3 17 1 45 253 
3036 68 717 88 31 4 4 17 1 45 253 
3037 68 717 88 31 4 5 17 1 45 253 
3038 68 717 88 31 4 1 17 1 45 253 
3039 349 718 119 41 3 2 17 1 45 253 
3040 349 718 119 41 3 3 17 1 45 253 
3041 349 718 119 41 3 4 17 1 45 253 
3042 349 718 119 41 3 5 17 1 45 253 
3067 132 725 157 32 2 8 1 1 45 2 
3068 132 725 157 32 2 9 1 1 45 2 
3069 132 725 157 32 2 10 1 1 45 2 
3070 132 725 157 32 2 11 1 1 45 2 
3086 141 730 161 16 4 2 1 1 45 2 
3087 141 730 161 16 4 3 1 1 45 2 
3092 132 733 157 32 5 2 1 1 45 2 
3093 132 733 157 32 5 3 1 1 45 2 
3094 132 733 157 32 5 4 1 1 45 2 
3095 132 733 157 32 5 5 1 1 45 2 
3104 153 736 87 43 4 8 1 1 45 2 
3105 153 736 87 43 4 9 1 1 45 2 
3114 137 739 88 31 2 8 17 1 45 253 
3115 137 739 88 31 2 9 17 1 45 253 
3116 137 739 88 31 2 10 17 1 45 253 
3117 137 739 88 31 2 11 17 1 45 253 
3118 137 739 88 31 5 2 17 1 45 253 
3119 137 739 88 31 5 2 17 1 45 253 
3120 137 739 88 31 5 3 17 1 45 253 
3121 137 739 88 31 5 3 17 1 45 253 
3122 137 739 88 31 5 4 17 1 45 253 
3123 137 739 88 31 5 4 17 1 45 253 
3124 137 739 88 31 5 5 17 1 45 253 
3125 137 739 88 31 5 5 17 1 45 253 
3126 354 740 37 36 4 13 17 1 45 253 
3127 354 740 37 36 4 15 17 1 45 253 
3128 354 740 37 36 4 16 17 1 45 253 
3155 137 748 88 31 2 8 17 1 45 253 
3156 137 748 88 31 2 9 17 1 45 253 
3157 137 748 88 31 2 10 17 1 45 253 
3158 137 748 88 31 2 11 17 1 45 253 
3159 137 748 88 31 5 2 17 1 45 253 
3160 137 748 88 31 5 3 17 1 45 253 
3161 137 748 88 31 5 4 17 1 45 253 
3162 137 748 88 31 5 5 17 1 45 253 
3185 268 754 37 36 3 15 17 1 45 253 
3186 268 754 37 36 3 16 17 1 45 253 
3187 268 754 37 36 5 17 17 1 45 253 
3188 268 754 37 36 5 17 17 1 45 253 
3196 68 757 88 31 2 2 17 1 45 253 
3197 68 757 88 31 2 3 17 1 45 253 
3198 68 757 88 31 2 4 17 1 45 253 
3199 68 757 88 31 2 5 17 1 45 253 
3200 68 757 88 31 2 1 17 1 45 253 
3201 68 757 88 31 3 2 17 1 45 253 
3202 68 757 88 31 3 3 17 1 45 253 
3203 68 757 88 31 3 4 17 1 45 253 
3204 68 757 88 31 3 5 17 1 45 253 
3205 68 757 88 31 3 1 17 1 45 253 
3206 68 757 88 31 4 2 17 1 45 253 
3207 68 757 88 31 4 3 17 1 45 253 
3208 68 757 88 31 4 4 17 1 45 253 
3209 68 757 88 31 4 5 17 1 45 253 
3210 68 757 88 31 4 1 17 1 45 253 
3211 68 757 88 31 5 2 17 1 45 253 
3212 68 757 88 31 5 3 17 1 45 253 
3213 68 757 88 31 5 4 17 1 45 253 
3214 68 757 88 31 5 5 17 1 45 253 
3215 68 757 88 31 5 8 17 1 45 263 
3216 68 757 88 31 5 9 17 1 45 253 
3217 68 757 88 31 5 10 17 1 45 263 
3264 361 769 119 41 4 2 17 1 45 253 
3265 361 769 119 41 4 3 17 1 45 253 
3266 361 769 119 41 4 4 17 1 45 253 
3267 361 769 119 41 4 5 17 1 45 253 
3346 362 774 86 41 3 2 17 1 45 253 
3347 362 774 86 41 3 3 17 1 45 253 
3348 362 774 86 41 3 4 17 1 45 253 
3349 362 774 86 41 3 5 17 1 45 253 
3350 136 775 158 32 5 14 1 1 45 2 
3351 136 775 158 32 5 15 1 1 45 2 
3352 136 775 158 32 5 16 1 1 45 2 
3353 136 775 158 32 5 17 1 1 45 2 
3358 363 777 157 32 4 2 1 1 45 2 
3359 363 777 157 32 4 3 1 1 45 2 
3360 363 777 157 32 4 4 1 1 45 2 
3361 363 777 157 32 4 5 1 1 45 2 
3408 60 790 92 39 2 9 17 1 45 253 
3409 60 790 92 39 2 10 17 1 45 253 
3410 60 790 92 39 5 5 17 1 45 253 
3411 60 790 92 39 5 6 17 1 45 253 
3412 55 791 142 14 2 15 17 1 45 253 
3413 55 791 142 14 2 16 17 1 45 253 
3414 55 791 142 14 2 17 17 1 45 263 
3415 55 791 142 14 2 17 17 1 45 253 
3438 369 797 20 39 3 15 17 1 45 253 
3439 369 797 20 39 3 16 17 1 45 253 
3440 369 797 20 39 3 17 17 1 45 253 
3441 369 797 20 39 3 17 17 1 45 253 
3444 370 798 87 43 3 4 1 1 45 2 
3445 370 798 87 43 3 5 1 1 45 2 
3446 370 798 87 43 5 4 1 1 45 2 
3447 370 798 87 43 5 5 1 1 45 2 
3448 132 799 157 32 6 2 1 1 45 2 
3449 132 799 157 32 6 3 1 1 45 2 
3457 68 802 88 31 6 2 17 1 45 253 
3458 68 802 88 31 6 3 17 1 45 253 
3459 68 802 88 31 6 4 17 1 45 253 
3468 99 805 155 34 2 16 1 1 45 2 
3469 99 805 155 34 2 17 1 1 45 2 
3470 99 805 155 34 4 16 1 1 45 2 
3471 99 805 155 34 4 17 1 1 45 2 
3498 330 810 76 43 3 4 1 1 45 2 
3499 330 810 76 43 3 5 1 1 45 2 
3500 330 810 76 43 5 4 1 1 45 2 
3501 330 810 76 43 5 5 1 1 45 2 
3506 5 812 76 43 2 4 1 1 45 2 
3507 5 812 76 43 2 5 1 1 45 2 
3508 5 812 76 43 4 4 1 1 45 2 
3509 5 812 76 43 4 5 1 1 45 2 
3514 56 814 155 34 2 16 1 1 45 2 
3515 56 814 155 34 2 17 1 1 45 2 
3516 56 814 155 34 4 16 1 1 45 2 
3517 56 814 155 34 4 17 1 1 45 2 
3518 153 815 87 43 4 8 1 1 45 2 
3519 153 815 87 43 4 9 1 1 45 2 
3548 94 824 154 34 2 2 1 1 45 2 
3549 94 824 154 34 2 3 1 1 45 2 
3550 94 824 154 34 4 2 1 1 45 2 
3551 94 824 154 34 4 3 1 1 45 2 
3556 165 826 158 32 6 2 1 1 45 2 
3557 165 826 158 32 6 3 1 1 45 2 
3558 165 826 158 32 6 4 1 1 45 2 
3559 165 826 158 32 6 5 1 1 45 2 
3571 168 830 158 32 5 9 1 1 45 2 
3572 168 830 158 32 5 10 1 1 45 2 
3577 173 832 36 36 4 17 17 1 45 253 
3578 173 832 36 36 4 17 17 1 45 253 
3587 26 834 156 32 5 2 1 1 45 2 
3588 26 834 156 32 5 3 1 1 45 2 
3593 373 836 120 41 3 1 17 1 45 253 
3594 373 836 120 41 3 2 17 1 45 253 
3595 373 836 120 41 3 3 17 1 45 253 
3596 373 836 120 41 3 4 17 1 45 253 
3597 373 836 120 41 3 5 17 1 45 253 
3598 373 836 120 41 3 6 17 1 45 253 
3619 375 842 158 32 6 14 1 1 45 2 
3620 375 842 158 32 6 15 1 1 45 2 
3621 375 842 158 32 6 16 1 1 45 2 
3622 375 842 158 32 6 17 1 1 45 2 
3635 137 846 88 31 5 12 17 1 45 263 
3636 137 846 88 31 5 13 17 1 45 263 
3669 377 853 120 41 5 2 17 1 45 253 
3670 377 853 120 41 5 3 17 1 45 253 
3671 377 853 120 41 5 4 17 1 45 253 
3672 377 853 120 41 5 5 17 1 45 253 
3682 157 856 154 34 2 4 1 1 45 2 
3683 157 856 154 34 2 5 1 1 45 2 
3684 157 856 154 34 4 4 1 1 45 2 
3685 157 856 154 34 4 5 1 1 45 2 
3686 154 857 76 43 2 4 1 1 45 2 
3687 154 857 76 43 2 5 1 1 45 2 
3688 154 857 76 43 4 4 1 1 45 2 
3689 154 857 76 43 4 5 1 1 45 2 
3694 379 859 20 39 3 15 17 1 45 253 
3695 379 859 20 39 3 16 17 1 45 253 
3696 379 859 20 39 3 17 17 1 45 253 
3697 379 859 20 39 3 17 17 1 45 253 
3708 380 862 76 43 2 4 1 1 45 2 
3709 380 862 76 43 2 5 1 1 45 2 
3714 137 864 88 31 2 8 17 1 45 253 
3715 137 864 88 31 2 9 17 1 45 253 
3716 137 864 88 31 2 10 17 1 45 253 
3717 137 864 88 31 2 11 17 1 45 253 
3718 137 864 88 31 5 2 17 1 45 253 
3719 137 864 88 31 5 3 17 1 45 253 
3720 137 864 88 31 5 4 17 1 45 253 
3721 137 864 88 31 5 5 17 1 45 253 
3722 252 865 5 27 5 2 1 1 45 2 
3723 252 865 5 27 5 3 1 1 45 2 
3724 252 865 5 27 5 4 1 1 45 2 
3725 252 865 5 27 5 5 1 1 45 2 
3726 137 866 88 31 3 11 17 1 45 253 
3743 89 871 30 31 3 3 17 1 45 253 
3744 89 871 30 31 3 4 17 1 45 253 
3745 89 871 30 31 3 5 17 1 45 253 
3746 89 871 30 31 3 6 17 1 45 253 
3775 383 879 7 30 4 8 1 1 45 2 
3776 383 879 7 30 4 9 1 1 45 2 
3777 383 879 7 30 5 8 1 1 45 2 
3778 383 879 7 30 5 9 1 1 45 2 
3779 383 879 7 30 5 10 1 1 45 2 
3802 168 883 158 32 6 14 1 1 45 2 
3803 168 883 158 32 6 15 1 1 45 2 
3804 168 883 158 32 6 16 1 1 45 2 
3805 168 883 158 32 6 17 1 1 45 2 
3817 384 887 156 32 3 4 1 1 45 2 
3818 384 887 156 32 3 5 1 1 45 2 
3850 385 893 5 27 3 2 1 1 45 2 
3851 385 893 5 27 3 3 1 1 45 2 
3852 385 893 5 27 3 4 1 1 45 2 
3853 385 893 5 27 3 5 1 1 45 2 
3884 35 902 93 32 3 2 1 1 45 2 
3885 35 902 93 32 3 3 1 1 45 2 
3886 35 902 93 32 3 4 1 1 45 2 
3887 35 902 93 32 3 5 1 1 45 2 
3898 387 905 155 34 3 16 1 1 45 2 
3899 387 905 155 34 3 17 1 1 45 2 
3900 387 905 155 34 5 16 1 1 45 2 
3901 387 905 155 34 5 17 1 1 45 2 
3939 90 916 156 32 3 10 1 1 45 2 
3940 90 916 156 32 3 11 1 1 45 2 
3963 5 923 76 43 2 10 1 1 45 2 
3964 5 923 76 43 2 11 1 1 45 2 
3965 5 923 76 43 4 10 1 1 45 2 
3966 5 923 76 43 4 11 1 1 45 2 
3990 392 930 86 41 2 2 17 1 45 253 
3991 392 930 86 41 2 3 17 1 45 253 
3992 392 930 86 41 2 4 17 1 45 253 
3993 392 930 86 41 2 5 17 1 45 253 
4006 394 934 120 41 4 2 17 1 45 253 
4007 394 934 120 41 4 3 17 1 45 253 
4008 394 934 120 41 4 4 17 1 45 253 
4009 394 934 120 41 4 5 17 1 45 253 
4020 396 938 105 18 3 14 1 1 45 2 
4021 396 938 105 18 3 15 1 1 45 2 
4022 396 938 105 18 3 16 1 1 45 2 
4023 396 938 105 18 3 17 1 1 45 2 
4024 50 939 103 42 2 2 1 1 45 2 
4025 50 939 103 42 2 3 1 1 45 2 
4026 50 939 103 42 2 4 1 1 45 2 
4057 398 947 157 32 2 8 1 1 45 2 
4058 398 947 157 32 2 9 1 1 45 2 
4059 398 947 157 32 2 10 1 1 45 2 
4095 94 957 154 34 3 4 1 1 45 2 
4096 94 957 154 34 3 5 1 1 45 2 
4097 94 957 154 34 6 4 1 1 45 2 
4098 94 957 154 34 6 5 1 1 45 2 
4099 400 958 133 34 3 8 1 1 45 2 
4100 400 958 133 34 3 9 1 1 45 2 
4112 167 962 142 14 4 15 17 1 45 253 
4113 167 962 142 14 4 16 17 1 45 253 
4114 167 962 142 14 4 17 17 1 45 253 
4115 167 962 142 14 4 17 17 1 45 253 
4128 82 966 93 32 3 8 1 1 45 2 
4139 137 970 88 31 3 7 17 1 45 253 
4140 137 970 88 31 3 9 17 1 45 253 
4145 188 972 142 14 4 15 17 1 45 253 
4146 188 972 142 14 4 16 17 1 45 253 
4147 188 972 142 14 4 17 17 1 45 253 
4148 188 972 142 14 4 17 17 1 45 253 
4163 82 977 93 32 4 8 1 1 45 2 
4164 82 977 93 32 4 9 1 1 45 2 
4169 277 979 133 34 2 8 1 1 45 2 
4170 277 979 133 34 2 9 1 1 45 2 
4171 277 979 133 34 4 8 1 1 45 2 
4172 277 979 133 34 4 9 1 1 45 2 
4173 402 980 7 30 3 8 1 1 45 2 
4174 402 980 7 30 3 9 1 1 45 2 
4175 402 980 7 30 3 10 1 1 45 2 
4180 337 982 92 39 4 1 17 1 45 253 
4181 337 982 92 39 4 2 17 1 45 253 
4182 337 982 92 39 5 1 17 1 45 263 
4183 337 982 92 39 5 2 17 1 45 253 
4200 82 987 93 32 3 11 1 1 45 2 
4201 334 988 37 36 2 15 17 1 45 253 
4202 334 988 37 36 2 16 17 1 45 253 
4203 334 988 37 36 2 17 17 1 45 253 
4204 334 988 37 36 2 17 17 1 45 253 
4205 334 988 37 36 3 17 17 1 45 253 
4206 403 989 120 41 3 7 17 1 45 253 
4207 403 989 120 41 3 9 17 1 45 253 
4208 403 989 120 41 3 10 17 1 45 253 
4209 403 989 120 41 6 7 17 1 45 253 
4210 403 989 120 41 6 9 17 1 45 253 
4211 403 989 120 41 6 10 17 1 45 253 
4218 56 992 155 34 3 14 1 1 45 2 
4219 56 992 155 34 3 15 1 1 45 2 
4220 56 992 155 34 5 14 1 1 45 2 
4221 56 992 155 34 5 15 1 1 45 2 
4234 405 996 51 1 5 13 17 1 45 253 
4235 405 996 51 1 5 15 17 1 45 253 
4236 405 996 51 1 5 16 17 1 45 253 
4237 405 996 51 1 5 17 17 1 45 253 
4238 186 997 157 32 5 3 1 1 45 2 
4239 186 997 157 32 5 4 1 1 45 2 
4240 186 997 157 32 5 5 1 1 45 2 
4241 16 998 66 24 6 2 17 1 45 253 
4242 16 998 66 24 6 3 17 1 45 253 
4243 16 998 66 24 6 4 17 1 45 253 
4244 16 998 66 24 6 5 17 1 45 253 
4245 333 999 133 34 3 4 1 1 45 2 
4246 333 999 133 34 3 5 1 1 45 2 
4247 333 999 133 34 5 4 1 1 45 2 
4248 333 999 133 34 5 5 1 1 45 2 
4263 28 1003 88 31 4 2 17 1 45 253 
4264 28 1003 88 31 4 3 17 1 45 253 
4265 28 1003 88 31 4 4 17 1 45 253 
4266 28 1003 88 31 4 5 17 1 45 253 
4267 28 1003 88 31 6 8 17 1 45 253 
4268 28 1003 88 31 6 9 17 1 45 253 
4269 28 1003 88 31 6 10 17 1 45 253 
4270 28 1003 88 31 6 11 17 1 45 253 
4271 406 1004 86 41 5 2 17 1 45 253 
4272 406 1004 86 41 5 3 17 1 45 253 
4273 406 1004 86 41 5 4 17 1 45 253 
4274 406 1004 86 41 5 5 17 1 45 253 
4302 409 1012 5 27 2 2 1 1 45 2 
4303 409 1012 5 27 2 3 1 1 45 2 
4304 409 1012 5 27 2 4 1 1 45 2 
4305 409 1012 5 27 2 5 1 1 45 2 
4314 68 1015 88 31 5 2 17 1 45 253 
4315 68 1015 88 31 5 3 17 1 45 253 
4316 68 1015 88 31 5 4 17 1 45 253 
4363 154 1028 76 43 3 4 1 1 45 2 
4364 154 1028 76 43 3 5 1 1 45 2 
4365 154 1028 76 43 5 4 1 1 45 2 
4366 154 1028 76 43 5 5 1 1 45 2 
4385 82 1034 93 32 6 2 1 1 45 2 
4386 82 1034 93 32 6 3 1 1 45 2 
4387 57 1035 5 27 2 2 1 1 45 2 
4388 57 1035 5 27 2 3 1 1 45 2 
4389 57 1035 5 27 2 4 1 1 45 2 
4390 57 1035 5 27 2 5 1 1 45 2 
4407 277 1041 133 34 2 10 1 1 45 2 
4408 277 1041 133 34 2 11 1 1 45 2 
4409 277 1041 133 34 4 10 1 1 45 2 
4410 277 1041 133 34 4 11 1 1 45 2 
4411 277 1041 133 34 6 10 1 1 45 2 
4412 277 1041 133 34 6 11 1 1 45 2 
4417 5 1043 76 43 2 2 1 1 45 2 
4418 5 1043 76 43 2 3 1 1 45 2 
4419 5 1043 76 43 4 2 1 1 45 2 
4420 5 1043 76 43 4 3 1 1 45 2 
4421 12 1044 156 32 3 10 1 1 45 2 
4422 12 1044 156 32 3 11 1 1 45 2 
4492 268 1057 37 36 4 17 17 1 45 253 
4493 268 1057 37 36 4 17 17 1 45 253 
4494 268 1057 37 36 6 13 17 1 45 263 
4495 268 1057 37 36 6 17 17 1 45 253 
4496 268 1057 37 36 6 17 17 1 45 253 
4497 420 1058 130 34 2 4 1 1 45 2 
4498 420 1058 130 34 2 5 1 1 45 2 
4503 277 1060 133 34 3 4 1 1 45 2 
4504 277 1060 133 34 3 5 1 1 45 2 
4505 277 1060 133 34 5 4 1 1 45 2 
4506 277 1060 133 34 5 5 1 1 45 2 
4526 421 1067 86 41 6 2 17 1 45 253 
4527 421 1067 86 41 6 3 17 1 45 253 
4528 421 1067 86 41 6 4 17 1 45 253 
4529 421 1067 86 41 6 5 17 1 45 253 
4538 422 1070 7 30 2 9 1 1 45 2 
4539 422 1070 7 30 2 10 1 1 45 2 
4540 422 1070 7 30 2 11 1 1 45 2 
4553 165 1074 158 32 3 14 1 1 45 2 
4554 165 1074 158 32 3 15 1 1 45 2 
4555 165 1074 158 32 3 16 1 1 45 2 
4556 165 1074 158 32 3 17 1 1 45 2 
4567 56 1078 155 34 2 14 1 1 45 2 
4568 56 1078 155 34 2 15 1 1 45 2 
4569 56 1078 155 34 4 14 1 1 45 2 
4570 56 1078 155 34 4 15 1 1 45 2 
4571 56 1078 155 34 6 14 1 1 45 2 
4572 56 1078 155 34 6 15 1 1 45 2 
4600 177 1080 87 43 2 4 1 1 45 2 
4601 177 1080 87 43 2 5 1 1 45 2 
4621 82 1087 93 32 6 4 1 1 45 2 
4622 82 1087 93 32 6 5 1 1 45 2 
4623 82 1087 93 32 6 6 1 1 45 2 
4624 225 1088 158 32 5 14 1 1 45 2 
4625 225 1088 158 32 5 15 1 1 45 2 
4626 225 1088 158 32 5 16 1 1 45 2 
4627 225 1088 158 32 5 17 1 1 45 2 
4638 68 1092 88 31 2 2 17 1 45 253 
4639 68 1092 88 31 2 3 17 1 45 253 
4640 68 1092 88 31 2 4 17 1 45 253 
4641 68 1092 88 31 2 5 17 1 45 253 
4642 68 1092 88 31 3 2 17 1 45 253 
4643 68 1092 88 31 3 3 17 1 45 253 
4644 68 1092 88 31 3 4 17 1 45 253 
4645 68 1092 88 31 3 5 17 1 45 253 
4646 68 1092 88 31 5 2 17 1 45 253 
4647 68 1092 88 31 5 3 17 1 45 253 
4648 68 1092 88 31 5 4 17 1 45 253 
4649 68 1092 88 31 5 5 17 1 45 253 
4660 117 1096 93 32 5 4 1 1 45 2 
4686 427 1103 73 8 6 2 1 1 45 2 
4687 427 1103 73 8 6 3 1 1 45 2 
4699 168 1107 158 32 5 4 1 1 45 2 
4704 268 1109 37 36 4 15 17 1 45 253 
4705 268 1109 37 36 4 16 17 1 45 253 
4706 268 1109 37 36 6 15 17 1 45 253 
4707 268 1109 37 36 6 16 17 1 45 253 
4714 55 1111 142 14 3 15 17 1 45 253 
4715 55 1111 142 14 3 16 17 1 45 253 
4716 55 1111 142 14 3 17 17 1 45 253 
4717 55 1111 142 14 3 17 17 1 45 253 
4748 370 1120 87 43 2 8 1 1 45 2 
4749 370 1120 87 43 2 9 1 1 45 2 
4750 370 1120 87 43 2 7 1 1 45 3 
4751 370 1120 87 43 4 8 1 1 45 2 
4752 370 1120 87 43 4 9 1 1 45 2 
4753 370 1120 87 43 4 7 1 1 45 3 
4764 132 1124 157 32 5 8 1 1 45 2 
4765 132 1124 157 32 5 9 1 1 45 2 
4766 274 1125 156 32 4 8 1 1 45 2 
4767 274 1125 156 32 4 9 1 1 45 2 
4768 274 1125 156 32 4 10 1 1 45 2 
4769 274 1125 156 32 4 11 1 1 45 2 
4770 225 1126 158 32 2 4 1 1 45 2 
4771 225 1126 158 32 2 5 1 1 45 2 
4784 431 1130 120 41 5 1 17 1 45 253 
4785 431 1130 120 41 5 2 17 1 45 253 
4786 431 1130 120 41 5 3 17 1 45 253 
4787 431 1130 120 41 5 4 17 1 45 253 
4788 431 1130 120 41 5 5 17 1 45 253 
4789 431 1130 120 41 5 6 17 1 45 253 
4790 431 1130 120 41 5 7 17 1 45 253 
4813 77 1137 58 18 6 2 1 1 45 2 
4814 77 1137 58 18 6 3 1 1 45 2 
4815 77 1137 58 18 6 4 1 1 45 2 
4816 77 1137 58 18 6 5 1 1 45 2 
4821 330 1139 76 43 3 8 1 1 45 2 
4822 330 1139 76 43 3 9 1 1 45 2 
4823 330 1139 76 43 5 8 1 1 45 2 
4824 330 1139 76 43 5 9 1 1 45 2 
4837 306 1143 76 43 3 10 1 1 45 2 
4838 306 1143 76 43 3 11 1 1 45 2 
4864 14 1151 36 36 5 15 17 1 45 253 
4865 14 1151 36 36 5 16 17 1 45 253 
4866 14 1151 36 36 6 17 17 1 45 253 
4867 14 1151 36 36 6 17 17 1 45 253 
4902 329 1162 66 24 4 3 17 1 45 253 
4903 329 1162 66 24 4 4 17 1 45 253 
4904 329 1162 66 24 5 3 17 1 45 253 
4905 329 1162 66 24 5 4 17 1 45 253 
4912 137 1164 88 31 2 8 17 1 45 253 
4913 137 1164 88 31 2 8 17 1 45 253 
4914 137 1164 88 31 2 9 17 1 45 253 
4915 137 1164 88 31 2 9 17 1 45 253 
4916 137 1164 88 31 2 10 17 1 45 253 
4917 137 1164 88 31 2 10 17 1 45 253 
4918 137 1164 88 31 2 11 17 1 45 253 
4919 137 1164 88 31 2 11 17 1 45 253 
4920 137 1164 88 31 5 2 17 1 45 253 
4921 137 1164 88 31 5 2 17 1 45 253 
4922 137 1164 88 31 5 3 17 1 45 253 
4923 137 1164 88 31 5 3 17 1 45 253 
4924 137 1164 88 31 5 4 17 1 45 253 
4925 137 1164 88 31 5 4 17 1 45 253 
4926 137 1164 88 31 5 5 17 1 45 253 
4927 137 1164 88 31 5 5 17 1 45 253 
4928 387 1165 155 34 4 16 1 1 45 2 
4929 387 1165 155 34 4 17 1 1 45 2 
4930 254 1166 105 18 2 14 1 1 45 2 
4931 254 1166 105 18 2 15 1 1 45 2 
4932 254 1166 105 18 2 16 1 1 45 2 
4933 254 1166 105 18 2 17 1 1 45 2 
4934 252 1167 5 27 6 2 1 1 45 2 
4935 252 1167 5 27 6 3 1 1 45 2 
4936 252 1167 5 27 6 4 1 1 45 2 
4937 252 1167 5 27 6 5 1 1 45 2 
5015 161 1185 87 43 2 10 1 1 45 2 
5016 161 1185 87 43 2 11 1 1 45 2 
5040 420 1193 130 34 3 4 1 1 45 2 
5041 420 1193 130 34 3 5 1 1 45 2 
5042 439 1194 117 17 4 2 1 1 45 2 
5043 439 1194 117 17 4 3 1 1 45 2 
5044 439 1194 117 17 4 4 1 1 45 2 
5045 439 1194 117 17 4 5 1 1 45 2 
5059 35 1199 93 32 4 2 1 1 45 2 
5060 35 1199 93 32 4 3 1 1 45 2 
5061 35 1199 93 32 4 4 1 1 45 2 
5062 35 1199 93 32 4 5 1 1 45 2 
5067 387 1201 155 34 3 14 1 1 45 2 
5068 387 1201 155 34 3 15 1 1 45 2 
5069 387 1201 155 34 5 14 1 1 45 2 
5070 387 1201 155 34 5 15 1 1 45 2 
5124 165 1218 158 32 4 2 1 1 45 2 
5125 165 1218 158 32 4 3 1 1 45 2 
5126 165 1218 158 32 4 4 1 1 45 2 
5137 245 1221 20 39 5 17 17 1 45 253 
5138 245 1221 20 39 5 17 17 1 45 253 
5139 245 1221 20 39 6 15 17 1 45 253 
5140 245 1221 20 39 6 16 17 1 45 253 
5145 161 1223 87 43 2 8 1 1 45 2 
5146 161 1223 87 43 2 9 1 1 45 2 
5147 367 1224 166 8 5 8 1 1 45 2 
5148 367 1224 166 8 5 9 1 1 45 2 
5149 367 1224 166 8 5 10 1 1 45 2 
5150 367 1224 166 8 5 11 1 1 45 2 
5155 372 1226 73 8 4 4 1 1 45 2 
5156 372 1226 73 8 4 5 1 1 45 2 
5157 372 1226 73 8 6 4 1 1 45 2 
5158 372 1226 73 8 6 5 1 1 45 2 
5203 441 1239 120 41 3 7 17 1 45 253 
5204 441 1239 120 41 3 9 17 1 45 253 
5205 441 1239 120 41 3 10 17 1 45 253 
5206 441 1239 120 41 3 11 17 1 45 253 
5256 398 1249 157 32 2 2 1 1 45 2 
5257 398 1249 157 32 2 3 1 1 45 2 
5266 60 1252 92 39 6 1 17 1 45 253 
5267 60 1252 92 39 6 2 17 1 45 253 
5282 27 1257 157 32 3 10 1 1 45 2 
5283 27 1257 157 32 3 11 1 1 45 2 
5284 27 1257 157 32 4 4 1 1 45 2 
5285 27 1257 157 32 4 5 1 1 45 2 
5298 309 1261 66 24 6 7 17 1 45 253 
5299 309 1261 66 24 6 9 17 1 45 253 
5300 309 1261 66 24 6 10 17 1 45 253 
5301 309 1261 66 24 6 11 17 1 45 253 
5312 188 1265 142 14 5 15 17 1 45 253 
5313 188 1265 142 14 5 16 17 1 45 253 
5314 188 1265 142 14 5 17 17 1 45 253 
5315 188 1265 142 14 5 17 17 1 45 253 
5316 137 1266 88 31 2 8 17 1 45 253 
5317 137 1266 88 31 2 9 17 1 45 253 
5318 137 1266 88 31 2 10 17 1 45 253 
5319 137 1266 88 31 2 11 17 1 45 253 
5320 137 1266 88 31 5 2 17 1 45 253 
5321 137 1266 88 31 5 3 17 1 45 253 
5322 137 1266 88 31 5 4 17 1 45 253 
5323 137 1266 88 31 5 5 17 1 45 253 
5338 99 1271 155 34 3 16 1 1 45 2 
5339 99 1271 155 34 3 17 1 1 45 2 
5340 99 1271 155 34 5 16 1 1 45 2 
5341 99 1271 155 34 5 17 1 1 45 2 
5342 443 1272 105 18 2 14 1 1 45 2 
5343 443 1272 105 18 2 15 1 1 45 2 
5344 443 1272 105 18 2 16 1 1 45 2 
5345 443 1272 105 18 2 17 1 1 45 2 
5346 272 1273 120 41 4 2 17 1 45 253 
5347 272 1273 120 41 4 3 17 1 45 253 
5348 272 1273 120 41 4 4 17 1 45 253 
5349 272 1273 120 41 4 5 17 1 45 253 
5370 136 1280 158 32 3 8 1 1 45 2 
5371 136 1280 158 32 3 9 1 1 45 2 
5372 168 1281 158 32 3 14 1 1 45 2 
5373 168 1281 158 32 3 15 1 1 45 2 
5374 168 1281 158 32 3 16 1 1 45 2 
5375 168 1281 158 32 3 17 1 1 45 2 
5376 154 1282 76 43 2 2 1 1 45 2 
5377 154 1282 76 43 2 3 1 1 45 2 
5378 154 1282 76 43 4 2 1 1 45 2 
5379 154 1282 76 43 4 3 1 1 45 2 
5384 137 1284 88 31 2 8 17 1 45 253 
5385 137 1284 88 31 2 9 17 1 45 253 
5386 137 1284 88 31 2 10 17 1 45 253 
5387 137 1284 88 31 2 11 17 1 45 253 
5388 137 1284 88 31 5 2 17 1 45 253 
5389 137 1284 88 31 5 3 17 1 45 253 
5390 137 1284 88 31 5 4 17 1 45 253 
5391 137 1284 88 31 5 5 17 1 45 253 
5392 137 1285 88 31 5 10 17 1 45 253 
5393 137 1285 88 31 5 11 17 1 45 263 
5398 372 1287 73 8 2 10 1 1 45 2 
5399 372 1287 73 8 2 11 1 1 45 2 
5406 120 1290 87 43 2 4 1 1 45 2 
5407 120 1290 87 43 2 5 1 1 45 2 
5408 120 1290 87 43 4 4 1 1 45 2 
5409 120 1290 87 43 4 5 1 1 45 2 
5414 12 1292 156 32 4 8 1 1 45 2 
5415 12 1292 156 32 4 9 1 1 45 2 
5416 12 1292 156 32 4 10 1 1 45 2 
5417 12 1292 156 32 4 11 1 1 45 2 
5426 61 1296 180 31 2 10 17 1 45 253 
5427 61 1296 180 31 2 11 17 1 45 253 
5428 61 1296 180 31 2 12 17 1 45 253 
5429 61 1296 180 31 6 4 17 1 45 253 
5430 61 1296 180 31 6 5 17 1 45 253 
5431 61 1296 180 31 6 6 17 1 45 253 
5432 72 1297 180 31 2 7 17 1 45 253 
5433 72 1297 180 31 2 7 17 1 45 253 
5434 72 1297 180 31 2 9 17 1 45 253 
5435 72 1297 180 31 6 1 17 1 45 253 
5436 72 1297 180 31 6 2 17 1 45 253 
5437 72 1297 180 31 6 3 17 1 45 253 
5442 186 1299 157 32 2 2 1 1 45 2 
5443 186 1299 157 32 2 3 1 1 45 2 
5458 447 1304 69 24 4 7 17 1 45 263 
5459 447 1304 69 24 4 7 17 1 45 253 
5460 447 1304 69 24 4 11 17 1 45 263 
5461 447 1304 69 24 4 12 17 1 45 253 
5474 82 1308 93 32 3 8 1 1 45 2 
5475 82 1308 93 32 3 9 1 1 45 2 
5476 123 1309 154 34 2 10 1 1 45 2 
5477 123 1309 154 34 2 11 1 1 45 2 
5478 123 1309 154 34 4 10 1 1 45 2 
5479 123 1309 154 34 4 11 1 1 45 2 
5514 187 1318 93 32 3 8 1 1 45 2 
5515 187 1318 93 32 3 9 1 1 45 2 
5516 187 1318 93 32 3 10 1 1 45 2 
5517 187 1318 93 32 3 11 1 1 45 2 
5522 330 1320 76 43 2 4 1 1 45 2 
5523 330 1320 76 43 2 5 1 1 45 2 
5524 330 1320 76 43 4 4 1 1 45 2 
5525 330 1320 76 43 4 5 1 1 45 2 
5534 449 1323 76 43 6 2 1 1 45 2 
5535 449 1323 76 43 6 3 1 1 45 2 
5552 225 1328 158 32 6 14 1 1 45 2 
5553 225 1328 158 32 6 15 1 1 45 2 
5554 168 1329 158 32 5 8 1 1 45 2 
5555 168 1329 158 32 5 7 1 1 45 3 
5573 379 1332 20 39 2 15 17 1 45 253 
5574 379 1332 20 39 2 16 17 1 45 253 
5575 379 1332 20 39 2 17 17 1 45 253 
5576 379 1332 20 39 2 17 17 1 45 253 
5619 167 1338 142 14 6 15 17 1 45 253 
5620 167 1338 142 14 6 16 17 1 45 253 
5621 167 1338 142 14 6 17 17 1 45 253 
5622 167 1338 142 14 6 17 17 1 45 253 
5633 29 1341 157 32 2 4 1 1 45 2 
5634 29 1341 157 32 2 5 1 1 45 2 
5680 123 1352 154 34 5 8 1 1 45 2 
5681 123 1352 154 34 5 9 1 1 45 2 
5695 453 1356 119 41 5 2 17 1 45 253 
5696 453 1356 119 41 5 3 17 1 45 253 
5697 453 1356 119 41 5 4 17 1 45 253 
5698 453 1356 119 41 5 5 17 1 45 253 
5707 454 1359 120 41 3 2 17 1 45 253 
5708 454 1359 120 41 3 3 17 1 45 253 
5709 454 1359 120 41 3 4 17 1 45 253 
5710 454 1359 120 41 3 5 17 1 45 253 
5780 117 1370 93 32 5 2 1 1 45 2 
5806 458 1378 120 41 6 1 17 1 45 253 
5807 458 1378 120 41 6 2 17 1 45 253 
5808 458 1378 120 41 6 3 17 1 45 253 
5809 458 1378 120 41 6 4 17 1 45 253 
5810 458 1378 120 41 6 5 17 1 45 253 
5811 458 1378 120 41 6 6 17 1 45 253 
5812 154 1379 76 43 3 2 1 1 45 2 
5813 154 1379 76 43 3 3 1 1 45 2 
5814 154 1379 76 43 5 2 1 1 45 2 
5815 154 1379 76 43 5 3 1 1 45 2 
5816 68 1380 88 31 6 9 17 1 45 253 
5817 153 1381 87 43 3 8 1 1 45 2 
5818 153 1381 87 43 3 9 1 1 45 2 
5819 153 1381 87 43 5 8 1 1 45 2 
5820 153 1381 87 43 5 9 1 1 45 2 
5860 299 1384 154 34 2 8 1 1 45 2 
5861 299 1384 154 34 2 9 1 1 45 2 
5862 299 1384 154 34 4 8 1 1 45 2 
5863 299 1384 154 34 4 9 1 1 45 2 
5864 299 1384 154 34 6 8 1 1 45 2 
5865 299 1384 154 34 6 9 1 1 45 2 
5866 145 1385 133 34 3 2 1 1 45 2 
5867 145 1385 133 34 3 3 1 1 45 2 
5868 145 1385 133 34 5 2 1 1 45 2 
5869 145 1385 133 34 5 3 1 1 45 2 
5882 459 1389 130 34 2 10 1 1 45 2 
5891 117 1392 93 32 5 8 1 1 45 2 
5892 117 1392 93 32 5 9 1 1 45 2 
5893 117 1392 93 32 5 10 1 1 45 2 
5894 117 1392 93 32 5 11 1 1 45 2 
5903 165 1395 158 32 6 14 1 1 45 2 
5904 165 1395 158 32 6 15 1 1 45 2 
5905 165 1395 158 32 6 16 1 1 45 2 
5906 165 1395 158 32 6 17 1 1 45 2 
5921 68 1400 88 31 6 7 17 1 45 253 
5987 72 1418 180 31 2 7 17 1 45 253 
5988 72 1418 180 31 2 7 17 1 45 253 
5989 72 1418 180 31 2 9 17 1 45 253 
5990 72 1418 180 31 6 1 17 1 45 253 
5991 72 1418 180 31 6 2 17 1 45 253 
5992 72 1418 180 31 6 3 17 1 45 253 
5993 136 1419 158 32 4 14 1 1 45 2 
5994 136 1419 158 32 4 15 1 1 45 2 
5995 136 1419 158 32 6 16 1 1 45 2 
5996 136 1419 158 32 6 17 1 1 45 2 
6001 10 1421 142 14 3 15 17 1 45 253 
6002 10 1421 142 14 3 16 17 1 45 253 
6003 10 1421 142 14 3 17 17 1 45 253 
6004 10 1421 142 14 3 17 17 1 45 253 
6021 177 1426 87 43 4 4 1 1 45 2 
6022 177 1426 87 43 4 5 1 1 45 2 
6023 177 1426 87 43 6 4 1 1 45 2 
6024 177 1426 87 43 6 5 1 1 45 2 
6025 10 1427 142 14 2 15 17 1 45 253 
6026 10 1427 142 14 2 16 17 1 45 253 
6027 10 1427 142 14 2 17 17 1 45 253 
6028 10 1427 142 14 2 17 17 1 45 253 
6080 90 1442 156 32 5 2 1 1 45 2 
6081 90 1442 156 32 5 3 1 1 45 2 
6082 90 1442 156 32 5 4 1 1 45 2 
6083 90 1442 156 32 5 5 1 1 45 2 
6087 29 1444 157 32 2 2 1 1 45 2 
6088 29 1444 157 32 2 3 1 1 45 2 
6113 427 1451 73 8 2 8 1 1 45 2 
6114 427 1451 73 8 2 9 1 1 45 2 
6167 117 1460 93 32 4 4 1 1 45 2 
6168 117 1460 93 32 4 5 1 1 45 2 
6169 117 1460 93 32 4 6 1 1 45 3 
6170 283 1461 158 32 3 14 1 1 45 2 
6171 283 1461 158 32 3 15 1 1 45 2 
6172 283 1461 158 32 5 14 1 1 45 2 
6173 283 1461 158 32 5 15 1 1 45 2 
6174 283 1461 158 32 5 16 1 1 45 2 
6175 283 1461 158 32 5 17 1 1 45 2 
6192 372 1466 73 8 2 8 1 1 45 2 
6193 372 1466 73 8 2 9 1 1 45 2 
6206 99 1470 155 34 2 2 1 1 45 2 
6207 99 1470 155 34 2 3 1 1 45 2 
6208 99 1470 155 34 4 2 1 1 45 2 
6209 99 1470 155 34 4 3 1 1 45 2 
6210 225 1471 158 32 3 8 1 1 45 2 
6211 225 1471 158 32 3 9 1 1 45 2 
6212 225 1471 158 32 3 10 1 1 45 2 
6213 225 1471 158 32 3 11 1 1 45 2 
6214 137 1472 88 31 5 2 17 1 45 253 
6215 137 1472 88 31 5 3 17 1 45 253 
6216 137 1472 88 31 5 4 17 1 45 253 
6217 137 1472 88 31 5 5 17 1 45 253 
6222 56 1474 155 34 3 8 1 1 45 2 
6223 56 1474 155 34 3 9 1 1 45 2 
6224 56 1474 155 34 5 8 1 1 45 2 
6225 56 1474 155 34 5 9 1 1 45 2 
6241 120 1479 87 43 3 4 1 1 45 2 
6242 120 1479 87 43 3 5 1 1 45 2 
6243 120 1479 87 43 5 4 1 1 45 2 
6244 120 1479 87 43 5 5 1 1 45 2 
6285 60 1491 92 39 4 3 17 1 45 253 
6286 60 1491 92 39 4 4 17 1 45 253 
6287 60 1491 92 39 5 3 17 1 45 253 
6288 60 1491 92 39 5 4 17 1 45 253 
6293 409 1493 5 27 3 2 1 1 45 2 
6294 409 1493 5 27 3 3 1 1 45 2 
6295 409 1493 5 27 3 4 1 1 45 2 
6296 409 1493 5 27 3 5 1 1 45 2 
6309 322 1497 145 41 3 15 17 1 45 253 
6310 322 1497 145 41 3 16 17 1 45 253 
6311 322 1497 145 41 3 17 17 1 45 253 
6312 322 1497 145 41 3 17 17 1 45 253 
6313 470 1498 93 32 3 2 1 1 45 2 
6314 470 1498 93 32 3 3 1 1 45 2 
6315 470 1498 93 32 3 4 1 1 45 2 
6316 470 1498 93 32 3 5 1 1 45 2 
6325 254 1501 105 18 3 14 1 1 45 2 
6326 254 1501 105 18 3 15 1 1 45 2 
6327 254 1501 105 18 3 16 1 1 45 2 
6328 254 1501 105 18 3 17 1 1 45 2 
6329 161 1502 87 43 4 4 1 1 45 2 
6330 161 1502 87 43 4 5 1 1 45 2 
6357 449 1509 76 43 2 10 1 1 45 2 
6358 449 1509 76 43 2 11 1 1 45 2 
6359 449 1509 76 43 4 10 1 1 45 2 
6360 449 1509 76 43 4 11 1 1 45 2 
6361 79 1510 155 34 2 14 1 1 45 2 
6362 79 1510 155 34 2 15 1 1 45 2 
6363 79 1510 155 34 4 14 1 1 45 2 
6364 79 1510 155 34 4 15 1 1 45 2 
6373 30 1513 155 34 3 14 1 1 45 2 
6374 30 1513 155 34 3 15 1 1 45 2 
6375 30 1513 155 34 5 14 1 1 45 2 
6376 30 1513 155 34 5 15 1 1 45 2 
6377 473 1514 120 41 6 2 17 1 45 253 
6378 473 1514 120 41 6 3 17 1 45 253 
6379 473 1514 120 41 6 4 17 1 45 253 
6380 473 1514 120 41 6 5 17 1 45 253 
6395 380 1519 76 43 3 4 1 1 45 2 
6396 380 1519 76 43 3 5 1 1 45 2 
6397 380 1519 76 43 5 4 1 1 45 2 
6398 380 1519 76 43 5 5 1 1 45 2 
6413 157 1524 154 34 2 8 1 1 45 2 
6414 157 1524 154 34 2 9 1 1 45 2 
6415 157 1524 154 34 4 8 1 1 45 2 
6416 157 1524 154 34 4 9 1 1 45 2 
6503 82 1549 93 32 2 2 1 1 45 2 
6504 82 1549 93 32 2 3 1 1 45 2 
6505 82 1549 93 32 2 4 1 1 45 2 
6506 477 1550 120 41 2 2 17 1 45 253 
6507 477 1550 120 41 2 3 17 1 45 253 
6508 477 1550 120 41 2 4 17 1 45 253 
6509 477 1550 120 41 2 5 17 1 45 253 
6536 28 1558 88 31 4 2 17 1 45 253 
6537 28 1558 88 31 4 3 17 1 45 253 
6538 28 1558 88 31 4 4 17 1 45 253 
6539 28 1558 88 31 4 5 17 1 45 253 
6540 28 1558 88 31 6 8 17 1 45 253 
6541 28 1558 88 31 6 9 17 1 45 253 
6542 28 1558 88 31 6 10 17 1 45 253 
6543 28 1558 88 31 6 11 17 1 45 253 
6544 283 1559 158 32 4 14 1 1 45 2 
6545 283 1559 158 32 4 15 1 1 45 2 
6546 283 1559 158 32 4 16 1 1 45 2 
6547 283 1559 158 32 4 17 1 1 45 2 
6552 161 1561 87 43 3 8 1 1 45 2 
6553 161 1561 87 43 3 9 1 1 45 2 
6554 161 1561 87 43 5 8 1 1 45 2 
6555 161 1561 87 43 5 9 1 1 45 2 
6563 99 1565 155 34 3 14 1 1 45 2 
6564 99 1565 155 34 3 15 1 1 45 2 
6565 99 1565 155 34 5 14 1 1 45 2 
6566 99 1565 155 34 5 15 1 1 45 2 
6567 165 1566 158 32 4 14 1 1 45 2 
6568 165 1566 158 32 4 15 1 1 45 2 
6569 165 1566 158 32 4 16 1 1 45 2 
6570 165 1566 158 32 4 17 1 1 45 2 
6591 423 1571 170 11 4 8 1 1 45 2 
6592 423 1571 170 11 4 9 1 1 45 2 
6593 423 1571 170 11 6 8 1 1 45 2 
6594 423 1571 170 11 6 9 1 1 45 2 
6617 481 1578 7 30 4 14 1 1 45 2 
6618 481 1578 7 30 4 15 1 1 45 2 
6619 481 1578 7 30 4 16 1 1 45 2 
6620 481 1578 7 30 4 17 1 1 45 2 
6621 482 1579 120 41 4 1 17 1 45 253 
6622 482 1579 120 41 4 2 17 1 45 253 
6623 482 1579 120 41 4 3 17 1 45 253 
6624 482 1579 120 41 4 4 17 1 45 253 
6625 482 1579 120 41 4 5 17 1 45 253 
6626 482 1579 120 41 4 6 17 1 45 263 
6649 10 1585 142 14 5 15 17 1 45 253 
6650 10 1585 142 14 5 16 17 1 45 253 
6651 10 1585 142 14 5 17 17 1 45 253 
6652 10 1585 142 14 5 17 17 1 45 253 
6662 82 1589 93 32 3 2 1 1 45 2 
6663 82 1589 93 32 3 3 1 1 45 2 
6664 82 1589 93 32 3 4 1 1 45 2 
6711 485 1600 156 32 4 2 1 1 45 2 
6712 485 1600 156 32 4 3 1 1 45 2 
6713 485 1600 156 32 4 4 1 1 45 2 
6714 485 1600 156 32 4 5 1 1 45 2 
6727 29 1604 157 32 5 2 1 1 45 2 
6728 29 1604 157 32 5 3 1 1 45 2 
6729 29 1604 157 32 5 4 1 1 45 2 
6730 29 1604 157 32 5 5 1 1 45 2 
6735 486 1606 120 41 6 2 17 1 45 253 
6736 486 1606 120 41 6 3 17 1 45 253 
6737 486 1606 120 41 6 4 17 1 45 253 
6738 486 1606 120 41 6 5 17 1 45 253 
6749 487 1610 69 24 2 10 17 1 45 253 
6750 487 1610 69 24 2 11 17 1 45 253 
6751 487 1610 69 24 3 10 17 1 45 253 
6752 487 1610 69 24 3 11 17 1 45 253 
6753 487 1610 69 24 4 10 17 1 45 263 
6754 487 1610 69 24 4 11 17 1 45 253 
6765 141 1614 161 16 6 2 1 1 45 2 
6766 141 1614 161 16 6 3 1 1 45 2 
6767 144 1615 152 15 4 14 1 1 45 2 
6768 144 1615 152 15 4 15 1 1 45 2 
6769 144 1615 152 15 4 16 1 1 45 2 
6770 144 1615 152 15 4 17 1 1 45 2 
6779 489 1618 120 41 5 2 17 1 45 253 
6780 489 1618 120 41 5 3 17 1 45 253 
6781 489 1618 120 41 5 4 17 1 45 253 
6782 489 1618 120 41 5 5 17 1 45 253 
6783 68 1619 88 31 2 2 17 1 45 253 
6784 68 1619 88 31 2 3 17 1 45 253 
6785 68 1619 88 31 2 4 17 1 45 253 
6786 68 1619 88 31 2 5 17 1 45 253 
6787 68 1619 88 31 2 1 17 1 45 253 
6788 68 1619 88 31 3 2 17 1 45 253 
6789 68 1619 88 31 3 3 17 1 45 253 
6790 68 1619 88 31 3 4 17 1 45 253 
6791 68 1619 88 31 3 5 17 1 45 253 
6792 68 1619 88 31 3 1 17 1 45 253 
6793 68 1619 88 31 5 2 17 1 45 253 
6794 68 1619 88 31 5 3 17 1 45 253 
6795 68 1619 88 31 5 4 17 1 45 253 
6796 68 1619 88 31 5 5 17 1 45 253 
6797 68 1619 88 31 5 5 17 1 45 253 
6798 68 1619 88 31 5 8 17 1 45 253 
6799 68 1619 88 31 5 9 17 1 45 253 
6800 68 1619 88 31 5 10 17 1 45 253 
6801 68 1619 88 31 5 1 17 1 45 253 
6819 132 1624 157 32 6 4 1 1 45 2 
6820 132 1624 157 32 6 5 1 1 45 2 
6839 84 1630 156 32 2 8 1 1 45 2 
6840 84 1630 156 32 2 9 1 1 45 2 
6841 84 1630 156 32 3 8 1 1 45 2 
6842 84 1630 156 32 3 9 1 1 45 2 
6845 145 1632 133 34 2 10 1 1 45 2 
6846 145 1632 133 34 2 11 1 1 45 2 
6847 199 1633 104 31 2 7 17 1 45 253 
6848 199 1633 104 31 2 9 17 1 45 253 
6849 199 1633 104 31 2 10 17 1 45 253 
6850 199 1633 104 31 2 11 17 1 45 253 
6860 30 1636 155 34 5 16 1 1 45 2 
6861 30 1636 155 34 5 17 1 1 45 2 
6862 144 1637 152 15 6 2 1 1 45 2 
6863 144 1637 152 15 6 3 1 1 45 2 
6864 144 1637 152 15 6 4 1 1 45 2 
6865 144 1637 152 15 6 5 1 1 45 2 
6911 4 1650 69 24 4 7 17 1 45 253 
6912 4 1650 69 24 4 7 17 1 45 253 
6913 4 1650 69 24 4 9 17 1 45 263 
6914 4 1650 69 24 5 7 17 1 45 253 
6915 4 1650 69 24 5 7 17 1 45 253 
6916 4 1650 69 24 5 9 17 1 45 253 
6989 164 1666 120 41 2 2 17 1 45 253 
6990 164 1666 120 41 2 3 17 1 45 253 
6991 164 1666 120 41 2 4 17 1 45 253 
6992 164 1666 120 41 2 5 17 1 45 253 
6999 226 1669 133 34 6 8 1 1 45 2 
7000 226 1669 133 34 6 9 1 1 45 2 
7001 226 1669 133 34 6 10 1 1 45 2 
7002 226 1669 133 34 6 11 1 1 45 2 
7035 157 1678 154 34 3 4 1 1 45 2 
7036 157 1678 154 34 3 5 1 1 45 2 
7037 157 1678 154 34 5 4 1 1 45 2 
7038 157 1678 154 34 5 5 1 1 45 2 
7039 5 1679 76 43 3 10 1 1 45 2 
7040 5 1679 76 43 3 11 1 1 45 2 
7076 167 1689 142 14 2 15 17 1 45 253 
7077 167 1689 142 14 2 16 17 1 45 253 
7078 167 1689 142 14 2 17 17 1 45 253 
7079 167 1689 142 14 2 17 17 1 45 253 
7131 68 1702 88 31 2 6 17 1 45 263 
7191 500 1723 188 44 3 10 17 1 45 253 
7192 500 1723 188 44 3 11 17 1 45 253 
7221 20 1730 8 8 3 4 1 1 45 2 
7222 20 1730 8 8 3 5 1 1 45 2 
7223 20 1730 8 8 5 4 1 1 45 2 
7224 20 1730 8 8 5 5 1 1 45 2 
7277 68 1745 88 31 5 8 17 1 45 253 
7278 68 1745 88 31 5 9 17 1 45 253 
7279 68 1745 88 31 5 10 17 1 45 253 
7368 20 1771 8 8 3 2 1 1 45 2 
7369 20 1771 8 8 3 3 1 1 45 2 
7370 20 1771 8 8 5 2 1 1 45 2 
7371 20 1771 8 8 5 3 1 1 45 2 
7388 506 1776 88 31 3 2 17 1 45 253 
7389 506 1776 88 31 3 3 17 1 45 253 
7390 506 1776 88 31 3 6 17 1 45 253 
7397 509 1780 142 14 2 15 17 1 45 253 
7398 509 1780 142 14 2 16 17 1 45 253 
7399 509 1780 142 14 2 17 17 1 45 253 
7400 509 1780 142 14 2 17 17 1 45 253 
7523 35 1829 93 32 6 8 1 1 45 2 
7524 35 1829 93 32 6 9 1 1 45 2 
7525 35 1829 93 32 6 10 1 1 45 2 
7526 35 1829 93 32 6 11 1 1 45 2 
7531 221 1836 53 25 2 8 1 1 45 2 
7532 221 1836 53 25 2 7 1 1 45 2 
7541 516 1806 24 23 5 10 1 1 45 2 
7542 516 1806 24 23 5 11 1 1 45 2 
7543 516 1806 24 23 6 8 1 1 45 2 
7544 516 1806 24 23 6 9 1 1 45 2 
7545 516 1806 24 23 6 10 1 1 45 2 
7546 516 1806 24 23 6 11 1 1 45 2 
7549 221 1819 53 25 5 2 1 1 45 2 
7550 221 1819 53 25 5 3 1 1 45 2 
7559 221 1815 53 25 3 8 1 1 45 2 
7560 221 1815 53 25 3 7 1 1 45 3 
7574 199 1586 104 31 4 3 18 1 45 279 
7575 478 1846 53 25 3 5 1 1 45 2 
7576 68 75 88 31 5 8 17 1 45 253 
7577 68 75 88 31 5 9 17 1 45 253 
7578 68 75 88 31 5 10 17 1 45 253 
7579 68 75 88 31 5 11 17 1 45 253 
7582 221 1827 53 25 3 2 1 1 45 2 
7583 221 1827 53 25 3 3 1 1 45 2 
7584 221 1827 53 25 4 10 1 1 45 2 
7585 221 1827 53 25 6 2 1 1 45 2 
7586 221 1827 53 25 6 3 1 1 45 2 
7610 221 1833 53 25 3 9 1 1 45 2 
7611 221 1833 53 25 3 10 1 1 45 2 
7612 89 1811 30 31 3 3 17 1 45 253 
7613 89 1811 30 31 3 4 17 1 45 253 
7614 89 1811 30 31 3 5 17 1 45 253 
7615 89 1811 30 31 3 6 17 1 45 253 
7621 478 1841 53 25 2 2 1 1 45 2 
7622 478 1841 53 25 2 3 1 1 45 2 
7623 478 1841 53 25 3 2 1 1 45 2 
7624 478 1841 53 25 3 3 1 1 45 2 
7625 478 1842 53 25 3 4 1 1 45 2 
7627 427 1810 73 8 6 2 1 1 45 2 
7628 427 1810 73 8 6 3 1 1 45 2 
7629 372 1828 73 8 3 4 1 1 45 2 
7630 372 1828 73 8 3 5 1 1 45 2 
7650 221 1824 53 25 3 9 1 1 45 2 
7651 221 1824 53 25 3 10 1 1 45 2 
7652 516 1825 24 23 5 10 1 1 45 2 
7653 516 1825 24 23 5 11 1 1 45 2 
7654 516 1825 24 23 6 8 1 1 45 2 
7655 516 1825 24 23 6 9 1 1 45 2 
7656 516 1825 24 23 6 10 1 1 45 2 
7657 516 1825 24 23 6 11 1 1 45 2 
7658 68 717 88 31 2 8 17 1 45 253 
7659 68 717 88 31 2 9 17 1 45 253 
7660 68 717 88 31 2 10 17 1 45 253 
7661 64 1844 20 39 2 17 17 1 45 253 
7662 64 1844 20 39 2 17 17 1 45 253 
7663 64 1844 20 39 3 15 17 1 45 253 
7664 64 1844 20 39 3 16 17 1 45 253 
7665 517 1814 48 35 2 10 17 1 45 253 
7666 517 1814 48 35 2 11 17 1 45 253 
7667 517 1814 48 35 2 12 17 1 45 253 
7668 517 1814 48 35 4 10 17 1 45 253 
7669 517 1814 48 35 4 11 17 1 45 253 
7670 517 1814 48 35 4 12 17 1 45 253 
7691 68 1619 88 31 4 2 17 1 45 253 
7692 68 1619 88 31 4 3 17 1 45 253 
7693 68 1619 88 31 4 4 17 1 45 253 
7694 68 1619 88 31 4 5 17 1 45 253 
7695 68 1619 88 31 4 1 17 1 45 253 
